683.423
536.117
529.132
512.268
551.087
523.718
595.853
523.109
589.622
546.381
533.611
532.824
556.837
576.84
561.467
557.881
570.553
534.174
553.903
579.045
566.959
550.253
505.936
563.251
571.824
543.619
567.042
527.656
584.975
534.33
571.457
545.155
583.304
564.39
545.473
535.204
584.799
571.464
542.81
556.158
551.589
534.726
563.951
548.705
573.558
571.727
531.798
535.297
562.83
549.208
540.203
531.348
565.234
537.886
607.616
549.991
540.052
581.792
528.092
543.341
530.905
517.56
551.697
532.106
524.48
506.759
535.157
578.627
549.917
547.78
520.077
506.488
569.08
517.772
547.866
569.153
517.594
578.376
568.503
523.77
509.818
548.256
552.996
515.247
532.901
527.951
545.153
548.663
521.523
513.864
540.778
563.412
543.481
536.032
527.819
553.953
535.213
582.836
546.898
543.214
556.343
554.943
537.486
535.148
514.566
582.85
530.082
556.511
539.131
537.148
550.85
543.891
571.185
523.333
539.676
534.039
521.956
546.049
570.6
532.556
551.743
537.231
558.918
511.515
624.992
560.736
550.337
503.562
522.06
547.864
535.807
522.813
545.292
503.91
520.117
580.155
535.693
555.957
608.405
537.636
526.134
513.932
535.199
562.38
517.724
535.293
557.193
518.583
500.87
531.883
545.11
546.362
556.159
614.408
702.322
528.222
545.18
573.685
562.163
700.259
668.614
699.849
749.387
802.964
746.082
760.46
707.017
561.041
549.247
571.548
659.196
749.446
537.337
531.26
556.387
540.072
778.383
516.208
556.98
634.108
586.604
582.443
565.54
535.646
542.946
535.706
525.999
507.266
530.2
557.663
582.636
546.52
601.49
519.223
539.202
523.7
549.63
540.571
526.329
551.083
536.744
537.554
586.241
536.434
534.259
610.587
542.475
524.316
522.131
542.56
564.161
555.89
528.114
568.356
561.973
540.393
605.988
556.875
573.64
570.157
523.637
542.438
528.994
518.875
546.518
639.969
855.178
508.254
534.263
550.601
581.529
591.895
524.136
541.923
601.815
552.308
577.486
540.857
528.835
571.079
665.399
637.002
515.255
759.723
642.351
544.731
503.26
526.272
550.706
537.863
539.964
590.461
542.422
524.167
509.575
567.611
558.52
515.149
541.137
527.095
562.972
537.881
534.562
560.375
508.445
527.961
588.504
538.84
529.602
588.189
541.327
564.84
566.616
562.193
544.499
580.712
539.828
561.449
615.135
538.822
577.739
550.942
540.62
575.895
645.869
595.356
534.177
687.413
544.083
537.497
533.143
550.296
571.913
640.916
576.385
574.763
553.736
553.487
636.745
730.32
549.941
542.146
557.27
552.402
548.938
570.626
512.028
648.261
560.48
543.875
570.74
555.902
543.108
572.642
525.044
512.885
536.733
524.907
548.342
575.812
590.674
515.538
539.63
532.563
768.797
539.497
541.956
552.083
580.369
530.754
572.274
576.086
537.515
525.562
509.587
530.613
586.38
552.282
600.901
520.825
542.922
529.931
552.206
577.465
541.416
516.688
542.845
562.503
517.716
507.357
567.562
518.918
542.644
568.036
604.041
573.712
573.495
529.116
577.756
570.838
525.715
545.93
602.568
557.08
546.341
631.323
572.706
510.261
548.707
603.447
560.97
540.943
570.974
550.886
570.678
523.629
561.948
542.496
528.974
549.4
570.997
562.204
567.934
540.367
560.758
515.102
548.897
557.965
549.243
535.475
537.655
548.678
537.579
566.547
