385.914
407.615
374.351
386.105
414.411
411.108
392.206
377.348
373.321
389.638
378.187
367.311
388.6
380.656
400.591
391.073
411.83
401.382
390.916
414.171
403.816
390.403
413.603
404.887
394.106
383.25
405.304
397.687
423.31
408.709
395.716
384.404
373.788
397.879
417.651
407.26
396.564
423.594
409.399
411.635
418.69
385.756
398.999
391.499
413.042
399.085
421.175
376.61
402.058
393.57
377.09
399.372
387.196
413.177
398.711
396.907
418.997
404.841
390.033
411.69
367.512
398.952
377.877
402.669
392.137
379.371
403.867
391.354
413.497
402.505
391.645
421.501
415.56
425.447
381.221
431.525
426.628
387.06
405.162
399.57
383.07
409.379
399.631
417.41
411.382
395.105
388.884
406.964
403.512
385.7
374.461
402.529
432.947
375.433
396.904
400.487
410.33
401.479
387.342
411.524
433.791
391.913
379.681
399.422
388.738
376.851
395.376
420.735
378.544
400.51
396.227
417.469
407.497
390.832
393.978
401.042
392.097
416.954
369.841
392.937
415.168
403.807
395.991
414.941
403.558
394.954
382.034
371.206
394.084
415.716
374.159
394.856
420.433
372.208
408.731
421.86
407.529
395.738
384.148
406.913
396.101
395.52
406.694
396.519
416.793
382.565
367.339
385.603
390.468
398.574
420.036
395.499
399.912
420.183
380.043
399.251
420.334
377.074
404.341
387.926
414.199
402.156
432.974
412.122
403.08
392.62
379.955
400.474
393.85
379.723
402.273
394.448
416.075
401.626
399.148
413.162
427.785
393.874
418.51
401.817
420.281
417.452
431.456
396.129
418.557
374.296
396.997
418.161
417.79
396.893
389.092
409.058
404.401
424.228
417.799
398.116
438.755
406.547
399.632
419.784
374.343
399.089
418.823
384.381
402.964
387.643
409.159
406.357
421.341
376.212
400.697
387.83
379.462
402.239
402.956
410.679
402.65
389.359
380.32
401.698
390.046
386.856
406.934
401.876
383.44
404.086
392.926
386.812
411.169
392.124
385.217
403.008
425.587
381.019
411.22
406.073
384.609
408.733
396.221
384.366
405.481
363.791
384.399
407.14
414.731
384.862
408.401
400.974
418.097
378.457
396.969
418.622
407.69
408.463
420.586
408.888
399.354
434.328
410.173
402.538
424.583
409.843
403.58
394.498
422.569
407.655
387.416
387.884
401.211
392.375
412.068
401.199
390.327
381.909
391.163
416.1
379.057
393.906
382.784
387.334
418.719
395.027
381.236
370.951
392.584
416.142
403.878
394.666
416.965
404.518
404.733
417.865
405.095
394.381
431.521
405.657
397.058
424.263
377.593
396.784
401.895
407.561
400.321
401.981
408.078
397.98
424.327
415.744
402.462
393.363
419.575
408.233
389.231
410.344
402.216
392.557
380.286
403.939
380.812
370.615
407.355
391.359
413.025
370.412
392.332
386.686
430.796
392.734
381.756
407.673
402.869
415.689
405.312
433.348
382.872
405.241
409.193
384.6
410.072
395.094
386.493
373.498
396.33
385.393
409.418
398.106
418.549
412.415
437.075
384.697